90,1
90,0
89,6
89,5
89,4
89,3
89,1
89,0
87,7
8,6
87,6
87,5
87,4
8,2
8,5
87,3
87,1
87,0
84,7
5,6
84,6
84,5
84,4
5,2
84,3
5,1
84,1
84,0
82,7
5,5
82,6
82,5
82,4
6,6
82,3
6,2
82,1
82,0
80,7
6,1
80,6
80,5
80,4
6,5
80,3
80,1
80,0
73,7
73,6
73,5
73,4
73,3
73,1
73,0
70,5
70,4
70,3
70,1
70,0
67,146
67,145
67,144
67,143
67,142
67,141
67,140
67,139
67,138
67,137
67,136
67,135
67,134
67,133
67,132
67,131
2,2
2,1
67,130
2,5
67,129
67,1
66,20
66,19
66,18
66,1
66,17
18,2
16,8
16,7
16,6
16,5
16,2
16,1
10,11
13,129
13,128
10,38
10,5
10,10
10,9
10,8
13,72
10,7
10,1
13,64
13,63
13,57
10,6
17,5
17,8
13,47
13,46
17,7
13,45
17,1
13,44
17,6
13,41
13,32
13,29
15,8
13,28
13,26
13,22
0,318
13,16
13,2
13,21
13,9
13,10
8,1
13,25
8,7
0,668
0,412
0,406
13,35
13,8
14,8
13,62
14,9
14,5
14,7
13,7
14,1
14,6
15,9
15,5
13,60
13,1
15,7
28,10
13,75
15,1
28,9
28,8
13,5
15,6
28,7
13,6
28,5
28,1
28,6
18,5
18,7
18,1
30,1
18,6
0,276
0,273
29,1
30,5
29,5
0,307
